9.48235 -16.2341 10.3895
9.4822 -16.2342 12.3894
9.48244 -16.234 14.3894
9.48225 -16.2342 16.3894
9.48219 -16.2342 18.3894
9.48218 -16.2342 20.3894
9.48218 -16.2342 22.3894
9.48218 -16.2342 24.3894
9.48218 -16.2342 26.3894
9.48218 -16.2342 28.3894
9.48218 -16.2342 30.3894
9.48515 -14.2333 10.3909
9.4879 -14.2348 12.3887
9.4848 -14.2356 14.3884
9.48343 -14.2333 16.389
9.48223 -14.2342 18.3894
9.48219 -14.2342 20.3894
9.48218 -14.2342 22.3894
9.48218 -14.2342 24.3894
9.48218 -14.2342 26.3894
9.48218 -14.2342 28.3894
9.48218 -14.2342 30.3894
9.49118 -12.2337 10.3988
9.50386 -12.2326 12.3767
9.49819 -12.2344 14.3791
9.49128 -12.2481 16.3869
9.48267 -12.2347 18.3891
9.48226 -12.2341 20.3893
9.4822 -12.2342 22.3894
9.48218 -12.2342 24.3894
9.48218 -12.2342 26.3894
9.48218 -12.2342 28.3894
9.48218 -12.2342 30.3894
9.48353 -10.2369 10.3914
9.49178 -10.2256 12.3993
9.49097 -10.2531 14.3887
9.48028 -10.2325 16.3847
9.4957 -10.2332 18.3842
9.48228 -10.2342 20.3894
9.48226 -10.2342 22.3894
9.48218 -10.2342 24.3894
9.48218 -10.2342 26.3894
9.48218 -10.2342 28.3894
9.48218 -10.2342 30.3894
9.48263 -8.23541 10.39
9.49059 -8.24847 12.4066
9.48573 -8.23109 14.3615
9.49799 -8.27758 16.3938
9.48238 -8.23306 18.3864
9.4837 -8.23463 20.3898
9.48283 -8.23384 22.3891
9.48218 -8.23419 24.3894
9.48218 -8.2342 26.3894
9.48218 -8.2342 28.3894
9.48218 -8.2342 30.3894
9.4822 -6.23433 10.3895
9.48261 -6.23517 12.3906
9.4953 -6.25766 14.4072
9.51739 -6.26984 16.3716
9.48075 -6.22881 18.3762
9.48326 -6.23408 20.3893
9.48218 -6.23435 22.3894
9.48219 -6.23419 24.3894
9.48218 -6.2342 26.3894
9.48218 -6.2342 28.3894
9.48218 -6.2342 30.3894
9.48218 -4.2342 10.3894
9.48219 -4.23425 12.3894
9.48242 -4.23475 14.3896
9.48458 -4.23971 16.3901
9.48785 -4.23718 18.3918
9.49058 -4.23069 20.3893
9.48399 -4.23171 22.3881
9.48243 -4.23394 24.3893
9.48219 -4.2342 26.3894
9.48218 -4.2342 28.3894
9.48219 -4.2342 30.3894
9.48218 -2.2342 10.3894
9.48218 -2.2342 12.3894
9.48218 -2.23422 14.3894
9.48222 -2.2343 16.3894
9.48248 -2.2345 18.3896
9.48436 -2.23588 20.3902
9.48329 -2.23427 22.3894
9.48271 -2.23462 24.39
9.48229 -2.23417 26.3894
9.48219 -2.2342 28.3894
9.48218 -2.2342 30.3894
9.48218 -0.2342 10.3894
9.48218 -0.2342 12.3894
9.48218 -0.2342 14.3894
9.48218 -0.234201 16.3894
9.48218 -0.23421 18.3894
9.48236 -0.234266 20.3895
9.48573 -0.233883 22.3909
9.48365 -0.233454 24.3904
9.48315 -0.23421 26.3898
9.4822 -0.234196 28.3894
9.48218 -0.234199 30.3894
9.48218 1.7658 10.3894
9.48218 1.7658 12.3894
9.48218 1.7658 14.3894
9.48218 1.7658 16.3894
9.48218 1.7658 18.3894
9.48219 1.7658 20.3894
9.48269 1.76556 22.3897
9.48295 1.7655 24.3896
9.48255 1.76571 26.3896
9.48219 1.7658 28.3894
9.48218 1.7658 30.3894
9.48218 3.7658 10.3894
9.48218 3.7658 12.3894
9.48218 3.7658 14.3894
9.48218 3.7658 16.3894
9.48218 3.7658 18.3894
9.48218 3.7658 20.3894
9.48219 3.76579 22.3894
9.48223 3.76575 24.3894
9.48222 3.76577 26.3894
9.4822 3.76581 28.3894
9.48218 3.7658 30.3894
9.48218 5.7658 10.3894
9.48218 5.7658 12.3894
9.48218 5.7658 14.3894
9.48218 5.7658 16.3894
9.48218 5.7658 18.3894
9.48218 5.7658 20.3894
9.48218 5.7658 22.3894
9.48218 5.7658 24.3894
9.48225 5.7658 26.3894
9.48228 5.76581 28.3894
9.48219 5.7658 30.3894
9.48218 7.7658 10.3894
9.48218 7.7658 12.3894
9.48218 7.7658 14.3894
9.48218 7.7658 16.3894
9.48218 7.7658 18.3894
9.48218 7.7658 20.3894
9.48218 7.7658 22.3894
9.48218 7.7658 24.3894
9.4822 7.7658 26.3894
9.48223 7.76579 28.3894
9.48218 7.7658 30.3894
9.48218 9.7658 10.3894
9.48218 9.7658 12.3894
9.48218 9.7658 14.3894
9.48218 9.7658 16.3894
9.48218 9.7658 18.3894
9.48218 9.7658 20.3894
9.48218 9.7658 22.3894
9.48218 9.7658 24.3894
9.48218 9.7658 26.3894
9.48219 9.7658 28.3894
9.48218 9.7658 30.3894
9.48218 11.7658 10.3894
9.48218 11.7658 12.3894
9.48218 11.7658 14.3894
9.48218 11.7658 16.3894
9.48218 11.7658 18.3894
9.48218 11.7658 20.3894
9.48218 11.7658 22.3894
9.48218 11.7658 24.3894
9.48218 11.7658 26.3894
9.48218 11.7658 28.3894
9.48218 11.7658 30.3894
11.4861 -16.2324 10.3943
11.511 -16.2241 12.3903
11.4846 -16.2385 14.3892
11.4847 -16.2357 16.3893
11.483 -16.2349 18.3894
11.4824 -16.2339 20.3892
11.4822 -16.2342 22.3894
11.4822 -16.2342 24.3894
11.4822 -16.2342 26.3894
11.4822 -16.2342 28.3894
11.4822 -16.2342 30.3894
11.48 -14.2263 10.3957
11.4634 -14.1898 12.4141
11.5316 -14.2405 14.3723
11.5243 -14.2565 16.4017
11.5007 -14.2309 18.3812
11.4847 -14.2355 20.3891
11.4833 -14.2336 22.3887
11.4822 -14.2341 24.3893
11.4822 -14.2342 26.3894
11.4822 -14.2342 28.3894
11.4822 -14.2342 30.3894
11.4744 -12.2313 10.4082
11.4654 -12.2075 12.3708
11.4762 -12.2283 14.422
11.4985 -12.2741 16.381
11.4792 -12.2297 18.376
11.4911 -12.2372 20.3944
11.4827 -12.2326 22.388
11.4847 -12.2335 24.3875
11.4823 -12.2342 26.3893
11.4822 -12.2341 28.3894
11.4822 -12.2342 30.3894
11.4832 -10.2419 10.3935
11.4779 -10.2424 12.383
11.4695 -10.2346 14.3795
11.4889 -10.2608 16.4194
11.4512 -10.1908 18.3381
11.5015 -10.23 20.3819
11.4858 -10.2372 22.3886
11.4825 -10.2345 24.3896
11.4826 -10.2339 26.3895
11.4823 -10.2341 28.3893
11.4823 -10.2342 30.3893
11.4821 -8.23477 10.3898
11.4778 -8.24183 12.3962
11.4778 -8.24519 14.3805
11.4671 -8.25327 16.3783
11.4849 -8.25147 18.3916
11.4824 -8.21084 20.3926
11.4816 -8.22365 22.3818
11.4829 -8.2339 24.391
11.4835 -8.23408 26.39
11.4829 -8.23425 28.3885
11.4826 -8.23411 30.3892
11.4822 -6.23425 10.3894
11.482 -6.23472 12.3902
11.4704 -6.2464 14.4012
11.4441 -6.23412 16.366
11.4832 -6.23596 18.3875
11.4785 -6.21343 20.3813
11.4906 -6.2499 22.3972
11.4856 -6.23366 24.3944
11.483 -6.23517 26.3909
11.4824 -6.23451 28.3896
11.4829 -6.23387 30.3892
11.4822 -4.2342 10.3894
11.4822 -4.23422 12.3894
11.4821 -4.235 14.3896
11.4803 -4.2428 16.3906
11.4744 -4.22744 18.3937
11.4642 -4.18631 20.3871
11.4716 -4.20538 22.3895
11.485 -4.23565 24.3918
11.4837 -4.23199 26.3878
11.4831 -4.23341 28.389
11.4833 -4.23308 30.3882
11.4822 -2.2342 10.3894
11.4822 -2.2342 12.3894
11.4822 -2.23422 14.3894
11.4822 -2.23432 16.3895
11.4823 -2.23639 18.3915
11.486 -2.24696 20.3997
11.4857 -2.23166 22.3924
11.5083 -2.24763 24.4045
11.4905 -2.23913 26.3977
11.4847 -2.23489 28.3902
11.4838 -2.23222 30.3899
11.4822 -0.2342 10.3894
11.4822 -0.2342 12.3894
11.4822 -0.2342 14.3894
11.4822 -0.234202 16.3894
11.4822 -0.234234 18.3894
11.4836 -0.235427 20.3937
11.5117 -0.21532 22.4283
11.555 -0.23289 24.5509
11.5235 -0.203709 26.365
11.4867 -0.235314 28.388
11.4856 -0.233982 30.3901
11.4822 1.7658 10.3894
11.4822 1.7658 12.3894
11.4822 1.7658 14.3894
11.4822 1.7658 16.3894
11.4822 1.7658 18.3894
11.4822 1.76565 20.3897
11.4869 1.75927 22.3962
11.4993 1.76886 24.4251
11.5344 1.74085 26.3899
11.4846 1.76711 28.392
11.4824 1.76595 30.3896
11.4822 3.7658 10.3894
11.4822 3.7658 12.3894
11.4822 3.7658 14.3894
11.4822 3.7658 16.3894
11.4822 3.7658 18.3894
11.4822 3.7658 20.3894
11.4823 3.76559 22.3895
11.4823 3.7656 24.3894
11.4863 3.77039 26.3919
11.4856 3.77305 28.3912
11.4855 3.76802 30.3895
11.4822 5.7658 10.3894
11.4822 5.7658 12.3894
11.4822 5.7658 14.3894
11.4822 5.7658 16.3894
11.4822 5.7658 18.3894
11.4822 5.7658 20.3894
11.4822 5.7658 22.3894
11.4824 5.76576 24.3897
11.4906 5.7655 26.3942
11.4928 5.76572 28.3989
11.4833 5.76504 30.3898
11.4822 7.7658 10.3894
11.4822 7.7658 12.3894
11.4822 7.7658 14.3894
11.4822 7.7658 16.3894
11.4822 7.7658 18.3894
11.4822 7.7658 20.3894
11.4822 7.7658 22.3894
11.4822 7.76578 24.3895
11.4848 7.76463 26.3911
11.4844 7.76539 28.3916
11.482 7.76747 30.3889
11.4822 9.7658 10.3894
11.4822 9.7658 12.3894
11.4822 9.7658 14.3894
11.4822 9.7658 16.3894
11.4822 9.7658 18.3894
11.4822 9.7658 20.3894
11.4822 9.7658 22.3894
11.4822 9.7658 24.3894
11.4824 9.76557 26.3896
11.4826 9.76552 28.3895
11.4843 9.76475 30.3895
11.4822 11.7658 10.3894
11.4822 11.7658 12.3894
11.4822 11.7658 14.3894
11.4822 11.7658 16.3894
11.4822 11.7658 18.3894
11.4822 11.7658 20.3894
11.4822 11.7658 22.3894
11.4822 11.7658 24.3894
11.4822 11.7658 26.3894
11.4823 11.7657 28.3895
11.4826 11.7656 30.3894
13.4772 -16.2255 10.3991
13.4247 -16.1358 12.3639
13.5068 -16.2033 14.4686
13.5513 -16.1397 16.3873
13.5003 -16.2069 18.3671
13.4842 -16.2252 20.3851
13.4823 -16.2339 22.3892
13.4822 -16.2341 24.3893
13.4822 -16.2342 26.3894
13.4822 -16.2342 28.3894
13.4822 -16.2342 30.3894
13.4857 -14.244 10.4
13.4892 -14.2959 12.4041
13.4854 -14.2427 14.4012
13.5054 -14.2564 16.4028
13.5434 -14.287 18.4733
13.5358 -14.2085 20.3689
13.4977 -14.2008 22.3639
13.4839 -14.2305 24.3866
13.4822 -14.2341 26.3893
13.4822 -14.2342 28.3894
13.4822 -14.2342 30.3894
13.4807 -12.2344 10.3901
13.4789 -12.2388 12.3919
13.4832 -12.2443 14.3861
13.4962 -12.264 16.4022
13.4975 -12.2823 18.4065
13.4713 -12.1769 20.4027
13.551 -12.2705 22.4873
13.531 -12.2021 24.3038
13.4838 -12.2323 26.3875
13.4822 -12.2341 28.3893
13.4822 -12.2342 30.3894
13.4819 -10.2344 10.3896
13.4813 -10.2352 12.3892
13.4817 -10.2355 14.3879
13.4764 -10.2294 16.3879
13.4777 -10.2463 18.417
13.5098 -10.266 20.4321
13.5117 -10.3042 22.3956
13.4922 -10.2764 24.4038
13.525 -10.1957 26.4163
13.4947 -10.2213 28.3721
13.4824 -10.2337 30.389
13.4822 -8.23421 10.3894
13.4821 -8.23423 12.3894
13.4816 -8.23443 14.3897
13.4813 -8.23372 16.3895
13.4799 -8.23356 18.3887
13.486 -8.24914 20.4008
13.4911 -8.24995 22.3982
13.5536 -8.28254 24.4968
13.5458 -8.2901 26.5156
13.5257 -8.26865 28.2749
13.4869 -8.23207 30.3836
13.4822 -6.2342 10.3894
13.4822 -6.2342 12.3894
13.4819 -6.23426 14.3895
13.4819 -6.23389 16.389
13.4787 -6.23295 18.3901
13.4848 -6.24232 20.3943
13.4879 -6.24081 22.3988
13.4886 -6.25243 24.3967
13.5359 -6.2333 26.4144
13.4834 -6.23458 28.3931
13.4896 -6.20136 30.3808
13.4822 -4.2342 10.3894
13.4822 -4.2342 12.3894
13.4822 -4.23422 14.3894
13.482 -4.23433 16.3894
13.4819 -4.23316 18.3891
13.4808 -4.23348 20.3911
13.4819 -4.24189 22.3929
13.5075 -4.25203 24.4376
13.5431 -4.20035 26.4844
13.4831 -4.2355 28.4036
13.6614 -4.09567 30.1489
13.4822 -2.2342 10.3894
13.4822 -2.2342 12.3894
13.4822 -2.2342 14.3894
13.4822 -2.23421 16.3894
13.482 -2.23438 18.3897
13.4787 -2.2353 20.3916
13.4819 -2.24042 22.3991
13.4852 -2.24659 24.3906
13.488 -2.08297 26.3075
13.6697 -2.19792 28.3471
13.6592 -2.09157 30.4171
13.4822 -0.2342 10.3894
13.4822 -0.2342 12.3894
13.4822 -0.2342 14.3894
13.4822 -0.2342 16.3894
13.4822 -0.234205 18.3894
13.4809 -0.234552 20.3919
13.474 -0.216625 22.4104
13.4891 -0.203217 24.6303
13.7084 -0.411406 26.6665
13.5457 -0.26489 28.4668
13.6429 -0.260847 30.5291
13.4822 1.7658 10.3894
13.4822 1.7658 12.3894
13.4822 1.7658 14.3894
13.4822 1.7658 16.3894
13.4822 1.7658 18.3894
13.4821 1.76571 20.3896
13.48 1.76252 22.3945
13.5043 1.73758 24.5284
13.5008 1.78018 26.4149
13.504 1.80703 28.3802
13.5216 1.84207 30.4634
13.4822 3.7658 10.3894
13.4822 3.7658 12.3894
13.4822 3.7658 14.3894
13.4822 3.7658 16.3894
13.4822 3.7658 18.3894
13.4822 3.7658 20.3894
13.4821 3.76551 22.3896
13.4825 3.76559 24.3908
13.4966 3.84098 26.4324
13.5262 3.93449 28.4957
13.5372 4.13666 30.4396
13.4822 5.7658 10.3894
13.4822 5.7658 12.3894
13.4822 5.7658 14.3894
13.4822 5.7658 16.3894
13.4822 5.7658 18.3894
13.4822 5.7658 20.3894
13.4822 5.7658 22.3894
13.4824 5.76541 24.3918
13.4992 5.76529 26.4208
13.9056 5.94399 28.7228
13.9293 5.87056 30.7923
13.4822 7.7658 10.3894
13.4822 7.7658 12.3894
13.4822 7.7658 14.3894
13.4822 7.7658 16.3894
13.4822 7.7658 18.3894
13.4822 7.7658 20.3894
13.4822 7.7658 22.3894
13.4822 7.76567 24.3898
13.4837 7.76486 26.3925
13.6445 7.67811 28.5185
13.4897 8.04922 30.472
13.4822 9.7658 10.3894
13.4822 9.7658 12.3894
13.4822 9.7658 14.3894
13.4822 9.7658 16.3894
13.4822 9.7658 18.3894
13.4822 9.7658 20.3894
13.4822 9.7658 22.3894
13.4822 9.76579 24.3894
13.482 9.76523 26.3898
13.5126 9.76012 28.429
13.7426 9.69517 30.4165
13.4822 11.7658 10.3894
13.4822 11.7658 12.3894
13.4822 11.7658 14.3894
13.4822 11.7658 16.3894
13.4822 11.7658 18.3894
13.4822 11.7658 20.3894
13.4822 11.7658 22.3894
13.4822 11.7658 24.3894
13.4822 11.7658 26.3894
13.4832 11.7648 28.3899
13.4911 11.7565 30.3896
