0.00962358 0.00582746 0.0139116
0.00124869 0.00243716 0.00862687
-0.006225 0.0158099 0.0106527
0.00147495 0.00912243 0.000791731
6.87694e-05 0.00184771 -0.0017543
0.000159132 0.000818845 -0.000988048
-0.000219104 0.000923094 -0.0006276
-5.68765e-05 0.000282598 -0.000100537
-2.3168e-05 -6.75559e-05 6.14427e-05
-6.57563e-06 -3.84064e-05 4.55767e-05
-1.34824e-06 -5.48751e-06 5.90811e-06
0.0323707 0.0704854 0.0198958
-0.0316443 0.093566 0.000308609
0.0162887 0.0307326 0.0454896
0.0502482 -0.019463 -0.0112165
0.00451239 -0.00486578 -0.00601949
0.00251556 0.00211234 -0.00183629
0.0002254 0.000983818 -0.00180268
9.88049e-05 0.00105579 -0.00131344
-2.52799e-05 0.000189958 -0.00046292
-3.02725e-05 -0.000122094 0.000132074
-1.43467e-05 -5.83961e-05 5.56115e-05
0.146818 -0.0062735 -0.0706695
0.0769363 -0.161918 -0.179021
0.0188682 -0.204415 0.0806982
0.0577594 -0.0710855 -0.0482918
0.00591349 -0.0285634 -0.00741007
0.00796738 -0.00392632 0.00896554
0.000406246 0.00339187 -0.00329342
0.000676568 0.00140161 -0.00146643
0.000136242 0.00115912 -0.00160457
6.72067e-05 0.000281306 -0.00021891
-7.58515e-06 -0.000102918 9.8467e-05
0.0392892 0.0537674 0.0236785
-0.131157 0.208206 -0.122718
0.0239319 -0.0111763 0.135671
0.0309404 0.0274824 0.0413418
-0.0601142 0.112763 -0.11609
0.00940983 0.005223 0.00785978
0.00219953 -0.0098586 -0.00229966
0.000469501 -0.000403598 -0.000335254
0.000304851 0.00141007 -0.00129876
0.000354153 0.00150325 -0.00141748
0.000129949 0.000246311 -0.000221655
-0.000466402 0.00581957 0.0557652
-0.0666709 0.0627897 -0.115526
-0.0296774 0.00216013 -0.299159
0.0966101 -0.148557 0.0315543
0.0317214 -0.0530953 -0.024143
-0.00790377 0.0505332 -0.0173144
-0.000865762 0.0253386 -0.0192835
0.000538262 0.00185091 0.00186112
0.000795296 0.000343352 0.000417938
0.000336134 0.00115628 -0.00150937
0.000120234 0.000498305 -0.000587388
0.00479649 -0.0122874 0.0109868
-0.015753 -0.0381511 -0.0135688
-0.161729 0.128464 -0.118374
-0.159815 0.336366 -0.160346
0.0122818 0.093995 -0.0778013
0.0496003 -0.0193459 0.0227851
0.00881669 0.00230364 -0.00603561
0.000241845 -0.00204956 -0.00274349
0.000335932 -0.0018032 0.0015422
-0.000449134 0.000126297 -0.000579306
-0.00036398 0.000871395 -0.00153897
0.000631831 -0.000732525 0.000931934
0.00232897 -0.00796818 0.00698773
-0.00837055 -0.00363517 0.00893089
-0.045833 0.0268509 -0.0209868
-0.0762563 0.0757403 -0.0383362
-0.0109324 0.139115 -0.0428829
0.0131591 0.0685147 -0.00525522
0.010358 0.0113378 -0.0124139
0.0019457 -0.00126414 0.0008666
-0.000293943 -8.69893e-06 -0.000856277
-0.000168349 0.00184135 -0.00316851
5.91366e-06 6.44075e-05 -3.87118e-05
0.000550879 -0.000590275 0.000440043
0.00278961 -0.00466776 0.00234554
0.00148243 -0.0124147 0.00562317
-0.0165801 -0.00122165 0.00694128
-0.0342772 0.0435852 0.014034
-0.0082123 0.0383222 0.0394841
0.0181429 0.0218409 -0.00354812
0.00440667 0.00426823 -0.00867637
0.00181627 -0.000293497 0.000808023
0.000405059 0.00130755 -0.00157723
-6.97121e-06 1.20023e-05 -9.81594e-06
-1.59388e-05 5.06651e-05 -3.35437e-05
0.000127798 -9.52054e-06 -1.61011e-05
0.000903757 -0.000880103 0.000129108
0.00203892 -0.00360635 0.000314052
0.00134044 -0.0107303 0.0125174
0.0130691 -0.034062 0.0652865
0.0173134 -0.0177562 0.0480075
0.00432659 0.0121868 -0.0197769
0.00343014 0.00228942 -0.00123415
0.000777992 -7.5121e-05 9.68364e-05
-3.74405e-07 2.21659e-07 -1.43727e-07
-4.02386e-06 5.06743e-06 -2.21861e-06
-1.37573e-05 2.50296e-05 -9.17276e-06
1.32641e-05 4.89358e-05 -5.54194e-05
0.000248588 8.17637e-05 -0.00036535
0.00156287 -0.000718687 0.00213203
0.00940748 -0.0105168 0.022145
0.0155353 -0.0186734 0.028895
0.00889772 -0.00145388 -0.00893337
0.00291649 0.000987538 -0.00251059
0.000320812 -0.000859686 -0.000382586
2.56067e-08 -5.62075e-08 3.25689e-08
-6.29514e-08 -1.10132e-07 1.06194e-07
-1.20472e-06 5.16767e-07 4.5574e-07
-5.56745e-06 5.14542e-06 -4.02345e-06
-2.30071e-05 4.66074e-05 -9.56039e-05
3.40366e-05 6.8779e-05 -0.000188576
0.00136285 -0.00115163 0.00179993
0.00511112 -0.00568372 0.00547547
0.00685459 -0.00655232 0.00326299
0.00352069 -0.00153007 0.00276644
0.000734241 -0.000121971 -0.000343786
2.66048e-09 -2.59665e-09 7.62266e-10
1.35262e-08 -1.96922e-08 9.48161e-09
2.01991e-08 -9.64445e-08 1.41952e-07
-1.09335e-07 -3.16362e-07 7.30184e-07
-4.37027e-06 4.72167e-06 -8.12797e-06
-4.1862e-05 4.76607e-05 -9.29741e-05
-7.65773e-05 0.00010313 -0.000355193
0.000794112 -0.000285909 -8.32902e-05
0.00487706 -0.00261176 0.00543235
0.00615378 -0.00240266 0.00837248
0.00194128 -0.00111974 0.00214333
1.23193e-11 1.16555e-10 -1.31215e-10
5.93674e-10 9.39014e-11 -7.3759e-10
5.73455e-09 -6.06226e-09 8.19511e-09
6.66817e-08 -9.79854e-08 1.87416e-07
2.04294e-07 -2.92326e-07 9.41586e-07
-5.01816e-06 4.15778e-06 -7.50244e-06
-5.54488e-05 4.90007e-05 -0.000148063
4.72008e-05 4.07782e-05 -0.000356575
0.00203574 -0.00211479 0.00316192
0.00339405 -0.00392541 0.00592299
0.000718356 -0.00145195 0.00150967
-7.09594e-12 1.02681e-11 -7.86796e-12
-4.60744e-11 1.03119e-10 -1.6452e-10
-1.85068e-10 4.8052e-10 -1.09028e-09
7.28394e-09 -8.13467e-09 1.33429e-08
1.39205e-07 -1.51206e-07 3.27455e-07
1.70812e-07 -1.43578e-07 7.27415e-07
-1.79718e-05 2.29826e-05 -4.06018e-05
-0.000130452 0.000141927 -0.000260521
-0.00018705 -0.000485753 0.000270011
3.05265e-05 -0.0019316 0.00110719
0.000328367 -0.00200018 6.07409e-05
-1.07792e-13 -2.38133e-13 6.05463e-13
-5.90702e-12 7.23592e-12 -1.088e-11
-1.2681e-10 1.59146e-10 -2.98594e-10
-3.83267e-10 1.9283e-10 -9.79962e-10
2.82641e-08 -3.92355e-08 6.00917e-08
3.66554e-07 -3.26287e-07 6.40724e-07
-1.15166e-06 6.19017e-06 -4.79095e-06
-4.32509e-05 8.34248e-05 -7.85004e-05
-0.0002612 0.0001387 -0.000192954
-0.000557199 -0.000435827 -0.000188028
-0.00038995 -0.00143666 -0.000326033
0.0914081 -0.0565074 0.023872
0.100055 -0.192265 -0.138008
-0.00691689 0.0121677 0.014764
0.0420761 -0.00523497 0.011916
0.0154763 -0.00797015 0.00318685
0.010868 0.0039446 0.0114146
-0.000504523 0.0087421 -0.00740744
-0.000127301 0.0048266 -0.00330242
-8.81786e-06 0.000506703 -0.000629783
-1.5018e-05 -9.95237e-05 0.000113282
-5.65296e-06 -2.84198e-05 2.94989e-05
0.0717822 0.155076 0.119107
-0.259634 0.182798 0.0201987
-0.144407 0.392228 0.275954
-0.0679715 0.248779 -0.0659962
-0.107845 0.182491 -0.0230451
0.0338283 -0.00354874 0.0374386
0.00440935 -0.033993 -0.0082037
0.00205145 0.00643484 -0.00488342
0.000752468 0.0055934 -0.00838637
0.000207001 0.00061439 -0.000658375
1.19801e-05 -0.000112829 8.41617e-05
0.190628 0.0863931 -0.100793
0.00113935 -0.0992343 -0.222973
0.173162 -0.297009 0.160238
0.235386 -0.394738 -0.14835
0.0210257 -0.13655 0.0669858
0.00905073 0.113698 -0.0292098
0.00125581 0.0585023 -0.021793
0.0157242 -0.00603604 0.0501105
0.00203293 0.0102845 -0.0169308
0.0024475 0.00858549 -0.00694977
0.000835639 0.00150417 -0.00176663
0.0804391 0.0104905 -0.0406067
-0.0776514 0.000447804 -0.141832
-0.00807317 -0.0872302 0.261454
-0.156125 0.258693 -0.17478
-0.101256 0.207854 -0.120725
0.0583026 -0.19588 0.183844
-0.00600914 -0.0274221 -0.0780742
0.024319 0.00352206 -0.00934756
0.00394713 -0.00764235 0.000650632
0.00365877 0.0124709 -0.00566762
0.00255665 0.00700999 -0.0107621
-0.00461201 0.0139689 0.0319629
-0.065006 0.078553 -0.0930688
0.0585008 -0.0908582 -0.0786377
0.105446 -0.309609 0.066313
-0.0752383 0.0619315 -0.119148
-0.0629296 0.198746 -0.128095
-0.0318365 0.0616633 -0.103361
0.000446121 0.0290132 0.0137067
0.0407828 0.0183151 0.0183282
0.0126283 -0.0204896 0.00210023
0.0007453 0.00992631 -0.0235712
0.00235256 -0.00724251 0.00710202
-0.0203193 -0.0150912 -0.0147735
-0.143195 0.130727 -0.0838193
-0.124485 0.276865 -0.132847
0.0636786 -0.077073 0.0644334
0.0860873 -0.0807763 0.103195
-0.0359645 0.0835724 -0.106543
-0.000620541 -0.0515784 0.0313879
0.00964247 0.00423426 -0.0178075
0.0173097 -0.00282381 -0.0199333
0.00572329 0.03122 -0.0209041
0.000453384 -0.000488428 0.000675296
0.000314228 -0.00520331 0.00495053
-0.0174655 0.00514932 0.00312264
-0.0798138 0.0476041 -0.0326922
-0.123972 0.139001 -0.0416844
-0.0115652 0.253913 0.0114434
0.0578229 0.0928591 -0.0111963
0.0789821 -0.0258219 -0.0279551
0.00543752 0.019616 0.0658804
0.0147651 0.0362001 -0.0306739
0.0351665 0.00175518 -0.0113317
1.21232e-05 5.63641e-05 -4.08115e-05
0.000474044 -0.000558262 0.000351407
0.00205052 -0.00452227 0.00210232
-0.0047905 -0.0117825 0.00631119
-0.0539499 0.0271162 0.0133999
-0.133484 0.16108 0.104285
-0.00851738 0.18213 0.179697
0.0636603 0.204692 -0.202544
0.0415249 -0.0037435 0.0656249
0.040901 0.0418987 -0.0241369
0.0453277 -0.00489307 0.016253
-6.02923e-06 1.15828e-05 -9.18952e-06
-8.26327e-06 4.96696e-05 -3.19128e-05
0.000185245 -4.69724e-05 -1.06915e-05
0.00109967 -0.00133875 0.000189215
-0.000366558 -0.00581601 0.00338563
-0.0146447 -0.0457909 0.0829796
0.023314 -0.188599 0.36308
-0.13093 0.0998069 -0.138072
-0.0610963 0.195334 -0.310691
0.0628935 -0.00703612 0.0711213
0.0400385 0.0177455 0.0595284
-3.88526e-07 1.99239e-07 -9.18864e-08
-4.16609e-06 5.49463e-06 -2.133e-06
-1.12907e-05 2.73495e-05 -1.09615e-05
5.90369e-05 4.5436e-05 -9.81443e-05
0.000394119 2.18474e-05 -0.000293471
0.0034113 -0.00786169 0.0166737
0.0302307 -0.0732562 0.121199
-0.0468117 0.0272501 -0.0505074
-0.0804143 0.220244 -0.251464
0.0428453 -0.00739233 0.0430439
0.0260736 0.0134312 -0.00453533
2.62527e-08 -6.44903e-08 3.68581e-08
-1.05528e-07 -1.24979e-07 1.46215e-07
-1.52391e-06 6.80473e-07 5.99162e-07
-5.53545e-06 8.67919e-06 -1.20401e-05
-2.91828e-05 9.09038e-05 -0.000186381
0.000381954 -0.000515655 0.000717103
0.00617972 -0.00952462 0.0138066
0.00169512 -0.00537894 0.0158869
-0.00879678 0.0288638 0.0774184
0.0306305 0.0559257 0.0533604
0.0499113 0.0675042 0.00552291
3.08533e-09 -2.92411e-09 6.68314e-10
1.43288e-08 -2.37752e-08 1.38975e-08
1.30731e-08 -1.35932e-07 2.31923e-07
-2.07904e-07 -2.23991e-07 6.28432e-07
-9.31822e-06 1.44015e-05 -2.49486e-05
-6.31024e-05 8.25e-05 -0.000209639
0.00028256 -0.000142324 -0.000109849
0.00613836 -0.00114211 0.0182302
0.0426888 0.00137711 0.127797
0.0240757 0.0887064 -0.00714195
0.0496175 0.0191763 0.00900678
2.2589e-11 1.55795e-10 -1.9035e-10
7.43413e-10 1.27259e-10 -9.32099e-10
8.44063e-09 -1.18782e-08 1.87006e-08
1.04124e-07 -1.66588e-07 3.41675e-07
-8.75115e-08 1.33563e-07 6.14773e-07
-1.6331e-05 1.39844e-05 -3.89948e-05
-0.000113755 0.000111803 -0.000376016
0.00325693 -0.00237862 0.00663363
0.0362221 -0.0293014 0.0647522
0.0401937 -0.0100734 -0.0146753
0.0279377 0.0211129 -0.0228217
-8.90428e-12 1.40892e-11 -1.27761e-11
-6.61278e-11 1.5445e-10 -2.62621e-10
-1.12476e-10 3.96094e-10 -1.15761e-09
1.70243e-08 -2.04794e-08 3.90506e-08
2.53184e-07 -2.66456e-07 6.2852e-07
-2.12039e-06 2.39238e-06 -4.67648e-06
-7.58239e-05 7.97249e-05 -0.000159715
0.0001454 -0.000684456 0.000717403
0.00839393 -0.0147354 0.016473
0.0262061 -0.00777324 0.0135819
0.0418904 0.0340886 0.00716358
-1.71063e-13 -2.52526e-13 7.06971e-13
-1.06162e-11 1.40616e-11 -2.30399e-11
-2.03098e-10 2.49221e-10 -4.93632e-10
6.51983e-10 -1.43788e-09 1.47319e-09
7.70573e-08 -9.3888e-08 1.57967e-07
4.9088e-07 1.45091e-07 4.93787e-07
-1.41734e-05 3.21295e-05 -3.2431e-05
-0.000170192 0.000101492 -0.000203074
2.14541e-05 -0.0032502 0.00109091
0.0048818 -0.0148223 0.0025854
0.01252 -0.0273988 -0.00176416
0.101298 -0.0710015 -0.0497054
0.219157 -0.157424 -0.38089
0.284829 -0.0682631 -0.0307374
0.449084 -0.443023 0.0375014
0.182135 -0.193676 0.0860037
0.0527598 -0.0314265 0.0730137
-0.00145943 0.00849165 -0.0152521
-0.000707145 0.0108345 -0.00792518
6.72794e-05 0.00182397 -0.0020834
-1.5951e-06 -4.82879e-05 4.67079e-05
-5.95891e-06 -4.05924e-05 4.12644e-05
0.10717 -0.0910066 0.0296412
-0.0108094 -0.382382 -0.225952
-0.0625191 0.00429393 0.163545
-0.0737725 -0.0926671 -0.109607
0.0483467 0.00855642 0.331266
0.177604 -0.371498 0.306358
0.00211091 -0.264456 0.0664216
-0.00282814 -0.0215544 0.0422804
9.92801e-05 0.0113997 -0.0169558
0.000500152 0.00222586 -0.00242177
0.000108205 1.95355e-05 -7.36892e-05
0.0242788 0.0424144 0.00572021
-0.10271 0.0212056 -0.0242963
0.00294786 0.0286967 0.0836593
-0.0922282 -0.0349933 -0.124074
-0.0865893 0.28917 0.090132
-0.0188587 0.16999 -0.283876
0.0313225 -0.169845 0.383774
0.0164767 -0.200521 0.410974
-0.0249655 -0.0271672 -0.00347093
-0.00311437 0.0151334 -0.00499814
0.00132248 0.00426397 -0.00457659
0.0162249 -0.00758208 -0.00539172
-0.00495297 -0.0360742 -0.0185108
0.00234492 -0.0295403 0.0289279
-0.0548814 0.0205674 -0.0592254
0.071988 -0.125631 0.249205
-0.0373107 -0.0288988 -0.0908003
0.0585719 0.320012 -0.0557721
0.0626 -0.127513 0.0121771
-0.107943 -0.226612 0.23094
-0.0662355 -0.0613879 0.128738
-0.00988902 0.00970233 -0.0292867
-0.000393134 -0.000842908 0.00563169
-0.00592085 0.0040721 -0.00214347
0.0121609 -0.0252416 0.0173034
-0.0176204 -0.0312944 -0.0194338
-0.0404247 0.0603836 -0.00755526
-0.0340436 -0.132784 -0.0931541
-0.0934997 -0.146338 0.0546284
0.0166293 0.236211 -0.315737
0.128306 -0.107064 0.402547
-0.0913608 -0.339181 0.210905
-0.0602229 0.0292918 -0.118459
0.000626659 -0.00129914 0.0013511
-0.00160204 -0.00281236 0.00125265
-0.0143081 0.00927099 -0.0032876
-0.0072657 0.00087703 -0.00237948
0.0106695 -0.0669848 0.06786
-0.020764 0.0534453 -0.0309967
-0.0823662 0.0975978 -0.0318435
-0.0279923 -0.0612811 0.0952868
0.00828664 0.143613 -0.375424
0.0663684 -0.129667 0.0458993
-0.0511794 0.152883 0.0634754
0.000124995 -2.73324e-05 0.000101299
0.000484422 -0.00124816 0.00126313
-0.00121155 -0.00243066 0.00192256
-0.0119351 0.0010087 -0.00289431
-0.017291 0.00331967 0.012619
0.000124891 -0.0513407 0.076969
0.0283333 -0.163938 -0.0409328
0.0555494 -0.23471 0.311715
-0.168298 0.339028 -0.188389
0.051369 -0.0330413 0.0442578
0.0911654 -0.464433 0.483617
7.59316e-07 2.9422e-05 -2.62565e-05
0.000148322 -0.000108496 4.6705e-05
0.000823619 -0.00126255 0.000516249
-0.000111882 -0.00348223 0.00139274
-0.016808 0.00871191 0.0054891
-0.0561049 0.0527455 0.0732775
0.0370215 0.122448 0.0312029
0.0539974 0.0265951 0.00391091
0.192222 -0.0342592 0.635569
-0.155796 0.299869 -0.728273
0.106285 -0.440643 0.544933
-2.77042e-06 4.86384e-06 -3.66784e-06
-6.54608e-06 2.75211e-05 -1.56363e-05
7.10519e-05 2.19504e-05 -2.5689e-05
0.000550804 -0.000447818 -0.000120501
-0.000530183 -0.00222051 0.000951373
-0.0115196 -0.0307856 0.0593503
-0.0160448 -0.107663 0.22802
-0.271951 0.269153 -0.50184
0.274378 -0.159266 0.62729
-0.06972 0.0144243 -0.225964
0.104327 0.190935 0.682419
-1.70684e-07 2.53364e-09 3.13223e-08
-2.12938e-06 2.38036e-06 -6.86843e-07
-6.20179e-06 1.36372e-05 -4.84731e-06
3.19643e-05 3.72439e-05 -7.71125e-05
1.20964e-05 0.000243687 -0.000427524
0.000852439 -0.00628008 0.0138861
0.0122446 -0.0605095 0.101208
-0.174549 0.226558 -0.274759
-0.0520341 0.305008 0.00740492
0.141651 -0.342081 0.00455634
-0.151573 0.271959 -0.237305
1.55428e-08 -3.82926e-08 2.08961e-08
-5.88564e-08 -1.00456e-07 1.11394e-07
-8.34609e-07 1.81093e-07 6.15874e-07
-2.53461e-06 5.74491e-06 -1.02655e-05
-4.27516e-05 9.14812e-05 -0.000183611
0.000222043 -0.000712143 0.000924608
0.00571864 -0.0120697 0.0182839
-0.0294117 0.0259892 0.0386843
-0.0675709 0.108897 0.383615
0.0489717 0.249425 -0.169625
0.156185 0.387695 0.459117
1.81049e-09 -1.47817e-09 1.1822e-10
8.25176e-09 -1.4222e-08 9.5746e-09
1.42571e-08 -1.07035e-07 1.95297e-07
-5.52065e-08 -1.14815e-07 4.0602e-07
-8.86196e-06 1.61551e-05 -2.73662e-05
-4.86342e-05 6.45598e-05 -0.000213357
0.000489251 -0.000282133 0.00111988
0.00759933 0.00377674 0.0593661
0.00769397 0.122301 0.21713
-0.395071 0.455721 -1.01543
0.26992 -0.414234 0.942201
1.35482e-11 1.14749e-10 -1.45861e-10
4.45029e-10 1.56666e-10 -6.87279e-10
6.58878e-09 -1.08877e-08 1.82611e-08
8.81253e-08 -1.42576e-07 3.09282e-07
-3.03199e-07 5.28187e-07 -3.35018e-07
-1.90947e-05 1.50179e-05 -5.4508e-05
-8.75589e-05 8.6313e-05 -0.000198608
0.00746917 -0.00532922 0.0193087
0.0474005 -0.0331252 0.0448223
-0.130966 0.158627 -0.64247
0.0279742 0.270237 0.15892
-5.96939e-12 1.00159e-11 -1.04164e-11
-5.18746e-11 1.20697e-10 -2.15629e-10
1.50859e-11 7.93109e-11 -5.4437e-10
1.75742e-08 -2.15493e-08 4.44665e-08
2.15061e-07 -2.10755e-07 5.16897e-07
-4.33043e-06 4.49501e-06 -1.02391e-05
-0.000106295 8.35305e-05 -0.000186015
0.00108412 -0.00265944 0.00329855
0.0204674 -0.0250259 0.0275678
0.0496672 0.251388 -0.00529986
0.122429 0.840702 0.179987
-1.3908e-13 -1.28864e-13 4.14619e-13
-9.47911e-12 1.30499e-11 -2.2484e-11
-1.62965e-10 1.93096e-10 -3.99923e-10
1.58464e-09 -2.56016e-09 3.76058e-09
8.64144e-08 -9.31818e-08 1.68034e-07
1.33018e-07 1.04243e-06 -4.80225e-07
-2.62995e-05 4.57337e-05 -5.10976e-05
-0.000199096 -0.000263128 -7.77371e-05
0.00174051 -0.00852235 0.00456948
0.0172977 0.00980889 0.0178091
0.0387271 0.0732127 0.0255929
